80 137 219 79
139 142 272 119
177 149 318 153
180 174 320 214
159 217 296 253
83 261 262 298
148 310 298 343
210 393 381 417
148 419 267 442
80 467 227 499
150 438 296 512
76 371 177 370
69 235 175 240
62 183 145 183
50 111 127 85
44 43 190 38
247 34 384 40
271 51 382 69
422 57 526 49
401 94 525 94
300 91 378 91
341 126 511 142
274 183 524 199
256 218 396 236
199 265 355 291
232 306 340 319
232 366 394 370
287 427 412 439
390 302 449 254
392 325 482 266
405 339 503 284
433 351 527 315
419 376 530 350
386 401 500 420
319 453 456 489
255 459 348 496
81 396 179 391
57 304 165 334
26 278 72 251
23 234 84 210
39 172 159 116
93 111 203 50
71 76 112 66
87 21 185 11
42 440 111 429
42 497 123 497
71 537 179 536
238 551 337 551
387 542 483 534
486 498 560 427
455 432 498 462
510 238 578 260
471 168 557 171
359 153 416 153
386 102 419 28
227 34 345 164
364 210 458 209
297 234 359 268
335 353 406 255
186 336 194 396
29 333 69 409
60 358 93 329
103 296 127 287
127 414 133 464
137 503 263 529
129 585 221 529
352 576 381 496
475 559 558 463
479 386 563 377
524 263 569 339
535 19 579 202
574 312 589 442
539 564 580 497
20 471 42 571
298 532 345 507
211 574 287 569
391 575 447 562
414 497 444 507
427 423 431 460
368 334 412 365
436 230 509 218
532 219 555 182
153 152 172 191
99 213 144 199
225 70 244 97
363 17 478 8
68 576 114 554
55 518 84 515
